4294967294,12
4294967279,350
4294967278,372
4294967279,184
4294967279,40
4294967278,176
4294967278,347
4294967278,344
4294967279,162
369,6
369,5
369,4
369,3
369,2
369,1
4294967279,304
4294967278,320
4294967279,333
4294967279,300
4294967279,147
4294967278,447
4294967278,446
4294967278,423
366,7
4294967279,31
4294967279,345
4294967279,285
4294967294,1005
4294967294,1010
4294967278,29
4294967278,27
4294967279,138
4294967278,25
4294967278,277
4294967278,428
4294967279,133
366,6
366,5
366,4
4294967279,134
366,3
366,2
366,1
4294967279,283
4294967279,344
4294967278,274
4294967279,325
4294967278,273
4294967279,277
4294967279,265
4294967278,269
4294967279,262
4294967279,264
4294967279,263
4294967279,261
4294967279,275
4294967279,258
4294967279,257
4294967278,427
4294967278,261
4294967279,512
4294967278,257
4294967278,362
4294967279,552
363,6
363,5
4294967279,523
363,4
4294967278,363
363,3
363,2
363,1
4294967278,445
4294967279,550
4294967279,383
4294967278,416
4294967278,253
4294967278,405
4294967279,248
4294967278,244
4294967279,236
4294967278,232
4294967278,231
4294967278,365
4294967278,224
4294967294,1094
4294967279,224
4294967278,218
4294967278,213
4294967278,216
360,5
360,4
360,3
360,2
360,1
4294967279,212
4294967278,211
4294967279,211
4294967278,210
4294967294,397
4294967294,408
4294967294,1171
4294967294,178
4294967294,111
4294967294,189
4294967278,209
4294967278,359
4294967279,206
4294967278,205
4294967294,1419
4294967294,1420
4294967279,205
4294967279,204
4294967278,202
358,5
358,4
358,3
358,2
358,1
4294967278,198
4294967279,198
4294967278,197
4294967278,196
4294967279,196
4294967278,356
4294967278,323
4294967279,192
4294967279,191
4294967278,190
4294967279,77
4294967279,190
4294967279,575
4294967278,189
4294967278,184
356,5
356,4
356,3
356,2
356,1
4294967279,185
4294967278,183
4294967278,182
4294967279,182
4294967278,181
4294967279,181
4294967278,180
4294967279,178
4294967278,179
4294967279,361
4294967278,178
354,6
4294967278,175
4294967279,177
4294967279,176
354,5
4294967278,173
354,4
4294967279,172
354,3
354,2
354,1
4294967279,171
4294967279,168
4294967278,169
4294967278,444
353,5
4294967279,167
353,4
353,3
353,2
353,1
4294967279,360
4294967279,346
352,5
352,4
352,3
352,2
352,1
4294967279,153
4294967279,152
351,5
351,4
4294967279,149
351,3
351,2
351,1
4294967279,343
4294967279,144
4294967278,410
4294967279,139
4294967279,348
4294967294,177
4294967294,420
4294967294,406
4294967294,180
4294967294,394
4294967294,384
4294967294,468
4294967294,449
4294967279,137
4294967279,284
4294967279,359
4294967279,268
4294967279,282
0,7
4294967294,469
4294967279,338
4294967279,528
4294967294,393
4294967294,392
4294967294,389
4294967294,388
4294967294,120
4294967294,114
4294967279,527
4294967279,255
4294967279,331
4294967278,443
4294967279,358
4294967278,396
4294967294,89
4294967294,188
4294967294,162
4294967294,1
4294967278,336
4294967278,132
4294967278,131
4294967278,130
4294967278,129
4294967278,128
4294967278,127
4294967278,124
4294967278,123
4294967278,121
4294967278,117
4294967278,112
4294967278,111
4294967278,110
4294967278,107
4294967278,105
4294967278,174
4294967278,103
4294967278,100
4294967278,96
4294967278,89
4294967278,245
4294967278,83
4294967278,82
4294967278,81
4294967278,78
4294967278,322
4294967278,76
4294967278,74
4294967278,321
4294967278,71
4294967278,391
4294967278,69
4294967278,404
4294967278,67
4294967278,393
4294967278,61
4294967278,58
4294967278,57
4294967278,422
4294967279,83
4294967279,76
4294967279,75
4294967279,311
4294967279,64
4294967279,63
4294967279,61
4294967279,59
4294967279,57
4294967279,54
4294967279,52
4294967279,51
4294967279,47
4294967279,46
4294967279,45
4294967279,43
4294967279,38
4294967279,37
4294967279,32
4294967279,286
4294967279,29
4294967279,335
4294967279,24
4294967279,23
4294967279,22
4294967279,21
4294967279,19
4294967279,15
4294967279,12
4294967279,557
4294967279,10
4294967279,8
4294967279,4
4294967278,122
4294967278,252
4294967278,120
4294967278,249
4294967278,119
4294967278,118
4294967278,290
4294967278,116
4294967278,400
4294967278,114
4294967278,237
4294967278,236
348,6
4294967279,235
348,5
348,4
4294967279,233
348,3
348,2
348,1
4294967279,382
4294967278,109
4294967278,415
4294967279,228
4294967278,108
4294967279,332
4294967294,115
4294967278,106
4294967278,330
4294967278,421
4294967279,319
4294967278,94
4294967278,328
345,7
4294967278,92
4294967279,318
4294967279,260
4294967278,91
4294967278,402
4294967278,90
4294967278,85
4294967278,380
4294967279,85
345,6
4294967279,197
345,5
345,4
345,3
345,2
345,1
4294967279,316
4294967278,442
4294967278,80
4294967279,315
4294967278,79
4294967278,354
4294967278,77
4294967279,189
4294967278,68
4294967279,183
4294967278,325
4294967278,66
4294967279,66
4294967279,538
4294967278,65
4294967279,175
342,6
342,5
342,4
4294967278,170
342,3
342,2
342,1
4294967278,304
4294967294,170
4294967294,1007
4294967279,55
4294967279,53
4294967278,162
4294967278,160
4294967279,158
4294967279,39
4294967278,441
4294967278,148
339,5
339,4
339,3
339,2
339,1
4294967279,30
4294967278,440
4294967279,381
4294967279,28
4294967278,439
4294967279,25
4294967279,135
4294967278,135
4294967278,134
4294967278,288
337,5
337,4
337,3
337,2
337,1
4294967279,16
4294967279,279
4294967294,398
4294967294,455
4294967294,169
4294967294,417
4294967279,14
4294967279,13
4294967278,395
4294967279,11
4294967278,438
4294967278,301
4294967278,264
4294967278,285
335,5
335,4
335,3
335,2
335,1
4294967278,278
4294967278,258
4294967279,526
4294967278,437
4294967279,380
333,6
4294967278,125
4294967294,387
4294967278,126
4294967278,255
4294967278,335
333,5
4294967278,254
4294967279,548
4294967278,361
333,4
333,3
333,2
333,1
4294967278,250
4294967279,245
332,5
4294967278,115
4294967279,243
332,4
332,3
332,2
332,1
4294967278,239
4294967278,238
4294967278,113
4294967279,515
4294967278,233
4294967279,379
4294967279,229
4294967278,222
4294967278,226
331,5
331,4
331,3
331,2
331,1
